1 	-798.25	0	150	0.950
2 	-700	0	406.35	-0.534
3 	-600	0	462.63	-0.441
4 	-500	0	499.45	-0.357
5 	-400	0	527.7	-0.289
6 	-300	0	550.85	-0.229
7 	-100	0	587.73	-0.120
8 	0	0	603.05	-0.063
9 	100	0	616.9	0.000
10 	300	0	640.83	0.183
11 	350	0	645.93	0.253
12 	413.1	0	625	0.315
13 	464.13	0	625	0.299
14 	543.18	0	675	0.492
15 	624.25	0	725	0.408
16 	707.88	0	775	0.228
17 	885.33	0	875	-0.049
18 	1084.9	0	975	-0.367
19 	1199	0	1025	-0.812
20 	1300	0	1051.5	-0.701
21 	3752.7	0	450	-0.038
22 	3757.9	0	350	-0.031
23 	3804.1	0	250	-0.041
24 	-793.1	-200	150	0.920
25 	-758.35	-400	150	0.738
26 	-671.63	-600	150	0.430
27 	-526.25	-800	150	-0.553
28 	500	-880.55	150	-0.183
29 	700	-883.25	150	-0.157
30 	900	-889.2	150	-0.172
31 	1100	-893.23	150	-0.173
32 	1300	-895.28	150	-0.164
33 	1500	-895.4	150	-0.154
34 	1700	-893.55	150	-0.144
35 	1900	-889.7	150	-0.132
36 	2100	-883.78	150	-0.101
37 	2300	-883.98	150	-0.094
38 	3300	-830.78	150	-0.209
39 	3500	-777.73	150	-0.119
40 	3656.8	-700	150	-0.084
41 	3712.5	-600	150	-0.060
42 	3765.4	-400	150	-0.055
43 	3791.3	-200	150	-0.032
44 	1100	-681.75	875	-0.952
45 	1300	-630.23	975	-0.603
46 	1100	-723.63	775	-0.460
47 	1300	-681.85	875	-0.371
48 	1100	-761.53	675	-0.411
49 	1300	-766.35	675	-0.223
50 	1300	-728.8	775	-0.266
51 	1500	-769.13	675	-0.211
52 	1500	-731.85	775	-0.232
53 	1500	-685.2	875	-0.266
54 	1500	-628.05	975	-0.380
55 	553.5	-200	675	0.466
56 	718.28	-200	775	0.213
57 	895.8	-200	875	-0.062
58 	1095.9	-200	975	-0.376
59 	589.2	-400	675	0.394
60 	754.38	-400	775	0.147
61 	932.43	-400	875	-0.118
62 	1134.9	-400	975	-0.418
63 	661.1	-600	675	0.260
64 	827.65	-600	775	-0.050
65 	1007.9	-600	875	-0.316
107	1900	0	1102.4	-0.439
108	2100	0	1100.28	-0.437
109	2300	0	1090.3	-0.475
110	2500	0	1067.15	-0.494
111	2600	0	1047.75	-0.458
112	2700	0	1017.73	-0.288
113	2820.15	0	975	-0.102
114	2944.43	0	925	-0.036
115	3057.9	0	875	-0.043
116	3164.15	0	825	-0.049
117	3265.23	0	775	-0.023
118	3300	0	757.33	0.009
119	3400	0	746.1	0.046
120	3500	0	735.35	0.082
121	3575.25	0	725	0.083
122	3700	0	717.45	-0.120
123	3709.73	0	650	-0.031
124	3715.28	0	600	-0.034
125	2803.68	-200	975	-0.131
126	3042.9	-200	875	-0.056
127	3251.25	-200	775	-0.027
128	3500	-200	731.48	0.099
129	2743.55	-400	975	-0.238
130	2989.1	-400	875	-0.082
131	3200.9	-400	775	0.061
132	3500	-400	721.2	0.067
133	2619.5	-600	975	-0.665
134	2778.4	-600	925	-0.505
191 	-804.8	0	-103	-2.176
193 	3799.3	0	150	-0.048
195 	-724.8	0	384.1	-0.537
196 	-453	-843.4	150	-0.898
197 	375	-887.8	150	-0.369
198 	3588	-748	150	-0.111
199 	3300	830.8	150	-0.272
200 	3500	777.7	150	-0.184
201 	3656.8	700	150	-0.128
202 	-592	-730.5	150	-0.030
203 	-394	-859.9	150	-0.723
204 	2400	-888.9	150	-0.201
205 	3208	-855.5	150	-0.364
206 	3588	748	150	-0.177
207 	3765	400	150	-0.096
208 	1020	-759	675	-0.617
209 	1020	-741.1	725	-0.549
210 	1020	-720.9	775	-0.664
211 	1100	-698.8	830	-0.616
212 	1200	-676.7	880	-0.566
213 	1300	-654.5	925	-0.501
214 	1400	-641.8	950	-0.426
215 	1200	-706.5	820	-0.375
216 	1200	-724.4	780	-0.324
217 	1400	-681.2	880	-0.305
218 	1400	-728.5	780	-0.246
219 	728.2	-733	675	-0.604
220 	874.3	-701.5	775	-0.949
221 	1034.3	-664.5	875	-1.278
222 	1219	-617	975	-1.145
223 	1018.3	-648.7	875	-0.979
224 	1060	-675.8	875	-1.311
225 	3300	-782.4	500	-0.139
226 	3425	-762.3	500	-0.121
227 	3525	-743.3	500	-0.111
228 	3599.5	-690	500	-0.041
229 	3646.2	-600	500	-0.039
230 	3300	782.4	500	-0.169
231 	3425	762.3	500	-0.158
232 	3525	743.3	500	-0.159
233 	3599.5	690	500	-0.082
234 	3646.2	600	500	-0.083
259 	2930.6	-689.8	775	-0.416
260 	3008.4	-677.2	775	-0.462
261 	3085.5	-643.1	775	-0.187
262 	2753.8	-656.6	875	-0.516
263 	2831.7	-643.3	875	-0.607
264 	2872.8	-625.7	875	-0.493
265 	2561.2	-619.1	963.8	-0.493
266 	2664.2	-576	975	-0.584
267 	3099.9	-588.4	775	-0.135
268 	2897.9	-565.2	875	-0.291
269 	2667.9	-529.1	975	-0.269
270 	3008.4	677.2	775	-0.463
271 	2831.7	643.3	875	-0.600
272 	2619.5	600	975	-0.657
550 	-380.29	-750	-115	-0.292
551 	-343.04	-600	-115	-0.273
552 	-130	-479	-155	-0.335
553 	0	-473.4	-155	-0.386
554 	130	-467.81	-155	-0.431
555 	334.9	-506.09	-115	-0.097
556 	384.79	-600	-115	0.190
557 	406	-750	-115	-0.126
558 	-377.67	-750	43.15	-0.234
559 	-356.53	-750	199	-0.185
560 	-272.73	-750	331.81	-0.233
561 	-143.05	-750	420.67	-0.249
562 	10.68	-750	452.54	-0.264
563 	164.46	-750	420.88	-0.250
564 	293.38	-750	330.82	-0.217
565 	378.34	-750	198.6	-0.227
566 	401.96	-750	43.11	-0.200
567 	-339.45	-600	30.23	-0.312
568 	-318.19	-600	173.58	-0.246
569 	-245.15	-600	298.08	-0.235
570 	-127.79	-600	381.66	-0.257
571 	13.6	-600	409.76	-0.276
572 	154.19	-600	378.11	-0.273
573 	270.12	-600	291.95	-0.247
574 	351.02	-600	171.73	-0.229
575 	379.08	-600	30.12	-0.275
600 	-762.5	0	-111.2	-0.613
601 	-729.72	0	-115	-0.268
602 	-697	0	-118.78	-0.130
603 	-600	0	-130	-0.061
604 	-400	0	-153.125	-0.283
605 	-200	0	-165.55	-0.503
606 	0	0	-170.725	-0.395
607 	200	0	-170.475	-0.445
608 	580	0	211.4	-0.274
609 	900	0	154.8	-0.192
610 	1100	0	109.15	-0.030
611 	1500	0	85.27	0.041
612 	1700	0	76.43	0.043
613 	1900	0	67	-0.013
614 	2500	0	-82.77	0.080
615 	2700	0	-123.43	-0.228
616 	2900	0	-118.44	-0.216
617 	3100	0	-104.17	-0.221
618 	3300	0	-89.08	-0.208
619 	3500	0	-68.5	-0.164
620 	3700	0	-31.07	-0.091
621 	540	-339.3	-120	-0.329
622 	750	-328.45	-120	-0.220
623 	1100	-590	-155.66	-0.137
624 	1500	-360	-150.12	-0.054
625 	400	-550	-159.6	-0.760
626 	500	-700	-159.7	-0.357
627 	540	-590	-164.6	-0.351
628 	750	-590	-160.05	-0.208
629 	1100	-360	-155.66	-0.142
630 	1500	-590	-150.12	-0.091
631 	2403.7	-740	-97.1	-0.295
632 	2793.2	-740	461.5	-0.110
633 	3172.9	-740	185.2	-0.086